,open,close,high,low,volume,date,pre_close,date_week,p_change,atr21,atr14,key
2015-12-03,21.812,22.941,22.971,21.733,201269,20151203,21.812,3,5.176,1.2379999999999995,1.2379999999999995,0
2015-12-04,22.804,24.062,24.366,22.627,409483,20151204,22.941,4,4.886,1.9273333333333322,1.9429999999999992,1
2015-12-07,24.17,24.012,24.209,23.384,245702,20151207,24.062,0,-0.208,1.6863081570996947,1.6851477079796235,2
2015-12-08,23.816,23.61,23.845,22.951,194581,20151208,24.012,1,-1.674,1.5213145873734109,1.5094997280638147,3
2015-12-09,23.482,23.501,23.767,22.892,150034,20151209,23.61,2,-0.462,1.4250729717776958,1.4078798449812175,4
2015-12-10,23.443,24.474,25.545,23.148,399474,20151210,23.501,3,4.14,1.627947170735692,1.636744614413325,5
2015-12-11,24.366,23.953,24.73,23.904,220101,20151211,24.474,4,-2.129,1.5534508589546874,1.550824178955272,6
2015-12-14,23.266,24.376,24.376,23.138,176496,20151214,23.953,0,1.766,1.5163964383841781,1.5088077328736595,7
2015-12-15,24.376,24.769,25.643,24.268,270792,20151215,24.376,1,1.612,1.543800634769811,1.5421694411265991,8
2015-12-16,25.457,25.378,25.742,24.759,321064,20151216,24.769,2,2.459,1.5174949670280158,1.5113003883705443,9
2015-12-17,25.27,25.732,25.958,25.27,394182,20151217,25.378,3,1.395,1.4715166786071923,1.4570963613783208,10
2015-12-18,25.692,25.073,25.702,24.612,241364,20151218,25.732,4,-2.561,1.4206142672267905,1.3974374412886978,11
2015-12-21,24.965,24.877,25.398,24.671,212828,20151221,25.073,0,-0.782,1.3745906620760207,1.3443114196348749,12
2015-12-22,24.956,25.604,25.604,24.68,255413,20151222,24.877,1,2.922,1.3189852251671006,1.2795329433206672,13
2015-12-23,25.545,24.425,25.545,24.278,244224,20151223,25.604,2,-4.605,1.3127718670806834,1.2776406975448782,14
2015-12-24,24.278,24.504,24.661,23.944,123619,20151224,24.425,3,0.323,1.3531187094105503,1.33436881429138,15
2015-12-25,24.513,24.73,24.946,24.219,119075,20151225,24.504,4,0.922,1.2821600303780973,1.2455918483970365,16
2015-12-28,24.769,23.885,25.191,23.786,177954,20151228,24.73,0,-3.417,1.2957763074633462,1.2685967524463586,17
2015-12-29,23.767,24.13,24.268,23.295,123839,20151229,23.885,1,1.026,1.3109069951240937,1.2923503088912243,18
2015-12-30,24.12,24.818,25.005,24.052,158014,20151230,24.13,2,2.851,1.2905216642025197,1.2679772661035549,19
2015-12-31,24.631,23.727,24.808,23.433,145496,20151231,24.818,3,-4.396,1.2994014424103462,1.2829906192226117,20
2016-01-04,23.727,21.36,23.737,21.36,157756,20160104,23.727,0,-9.976,1.5231206828129127,1.585999601193696,21
2016-01-05,19.748,20.249,21.605,19.228,202918,20160105,21.36,1,-5.201,1.8276662546170375,1.9894083681962784,22
2016-01-06,20.426,20.918,21.104,19.748,152987,20160106,20.249,2,3.304,1.8058447947031593,1.937410632323962,23
2016-01-07,20.367,18.825,20.367,18.825,33984,20160107,20.918,3,-10.006,1.7794200016215058,1.8831735660861322,24
2016-01-08,19.355,18.658,19.454,17.292,169058,20160108,18.825,4,-0.887,1.9626662718593961,2.121318020815783,25
2016-01-11,18.324,16.791,18.324,16.791,154254,20160111,18.658,0,-10.006,1.9696866547896434,2.1094260080963574,26
2016-01-12,16.85,16.938,17.675,16.31,127337,20160112,16.791,1,0.875,2.0066413386391244,2.141825251077198,27
2016-01-13,17.046,16.211,17.489,16.113,107658,20160113,16.938,2,-4.292,1.9454530332680036,2.03807960447834,28
2016-01-14,15.524,16.732,16.948,15.494,152968,20160114,16.211,3,3.214,1.8980594257038703,1.9591235051402367,29
2016-01-15,16.506,15.622,16.693,15.327,130124,20160115,16.732,4,-6.634,1.8470319211253707,1.8790926681337883,30
2016-01-18,15.278,16.113,16.604,15.131,121101,20160118,15.622,0,3.143,1.8235533819193261,1.8416291642783569,31
2016-01-19,16.113,16.693,16.801,15.877,138834,20160119,16.113,1,3.6,1.7623211585151592,1.752485727235597,32
2016-01-20,16.516,16.388,16.879,16.3,143300,20160120,16.693,2,-1.827,1.6680567623891023,1.6199325073984132,33
2016-01-21,16.211,15.897,17.135,15.877,140921,20160121,16.388,3,-2.996,1.6294034307758787,1.5713502754614888,34
2016-01-22,16.202,16.555,16.585,15.691,103793,20160122,15.897,4,4.139,1.5603135728859494,1.4805109495866384,35
2016-01-25,16.712,16.614,16.879,16.359,96628,20160125,16.555,0,0.356,1.5061466519801752,1.4137076062734786,36
2016-01-26,16.27,14.954,16.388,14.954,139040,20160126,16.614,1,-9.992,1.515006551827522,1.4387890019493283,37
2016-01-27,15.081,14.659,15.081,13.765,131596,20160127,14.954,2,-1.973,1.6392995529009555,1.627528503210799,38
2016-01-28,14.433,13.853,14.728,13.568,88192,20160128,14.659,3,-5.498,1.6157520402181622,1.5952191640669597,39
2016-01-29,13.991,14.62,14.905,13.745,100154,20160129,13.853,4,5.537,1.5734707621983008,1.5370251966043238,40
2016-02-01,14.639,14.492,14.816,14.099,74730,20160201,14.62,0,-0.876,1.5169411745795218,1.4603002582838611,41
2016-02-02,14.59,15.209,15.612,14.492,104810,20160202,14.492,1,4.948,1.4802464721468107,1.4148302040923109,42
2016-02-03,14.924,15.219,15.406,14.747,83020,20160203,15.209,2,0.066,1.4279807714817199,1.3479295550849297,43
2016-02-04,15.366,15.75,15.759,15.209,117477,20160204,15.219,3,3.489,1.347054087373201,1.2413687547495718,44
2016-02-05,15.769,15.337,15.809,15.278,76234,20160205,15.75,4,-2.622,1.2773617853688741,1.154399204907059,45
2016-02-15,14.659,15.199,15.445,14.62,75688,20160215,15.337,0,-0.9,1.263811625110961,1.1511420702200528,46
2016-02-16,15.278,16.133,16.29,15.278,148335,20160216,15.199,1,6.145,1.2406812440134152,1.1325704856507046,47
2016-02-17,16.113,16.506,16.614,15.71,190324,20160217,16.133,2,2.312,1.2566783025887336,1.1702617162015416,48
2016-02-18,16.555,16.26,16.791,16.211,149395,20160218,16.506,3,-1.49,1.2017853942992491,1.1019067745317348,49
2016-02-19,16.123,16.545,16.929,16.113,172338,20160219,16.26,4,1.753,1.1664402773711062,1.0637600537738943,50
2016-02-22,16.82,17.076,17.115,16.585,208838,20160222,16.545,0,3.209,1.1379267863410905,1.0359090437841532,51
2016-02-23,16.997,16.722,17.056,16.378,146238,20160223,17.076,1,-2.073,1.0958459380984824,0.9881635666383385,52
2016-02-24,16.683,16.653,16.87,16.123,125767,20160224,16.722,2,-0.413,1.0827839453274004,0.983473024583419,53
2016-02-25,16.536,14.993,16.604,14.993,146498,20160225,16.653,3,-9.968,1.1418432447014275,1.0829145906487707,54
2016-02-26,15.121,14.993,15.229,14.462,123219,20160226,14.993,4,0.0,1.2376819720787609,1.2307082191106935,55
2016-02-29,14.816,14.335,14.934,13.559,125002,20160229,14.993,0,-4.389,1.2556074241976454,1.2578215658277379,56
2016-03-01,14.443,14.669,14.895,14.001,99659,20160301,14.335,1,2.33,1.2315474995594393,1.2223698787121735,57
2016-03-02,14.728,15.494,15.612,14.58,124462,20160302,14.669,2,5.624,1.2356945270089452,1.2296554642994872,58
2016-03-03,15.445,15.641,16.064,15.425,145205,20160303,15.494,3,0.949,1.2502245633017899,1.2517055189606205,59
2016-03-04,15.474,14.541,15.75,14.541,138583,20160304,15.641,4,-7.033,1.2464656527486997,1.246010528318144,60
2016-03-07,14.855,15.042,15.278,14.816,86850,20160307,14.541,0,3.445,1.2080463128324372,1.189867918533057,61
2016-03-08,15.042,15.317,15.376,14.011,119735,20160308,15.042,1,1.828,1.2223501248022641,1.2132217009032136,62
2016-03-09,14.895,14.973,15.307,14.688,73126,20160309,15.317,2,-2.246,1.1673767972446158,1.1339837950022986,63
2016-03-10,14.993,14.63,15.18,14.61,76065,20160310,14.973,3,-2.291,1.125438838165036,1.0770474250586626,64
2016-03-11,14.492,14.61,14.787,14.295,62768,20160311,14.63,4,-0.137,1.084687030987894,1.02383689216663,65
2016-03-14,14.914,15.425,15.809,14.846,142519,20160314,14.61,0,5.578,1.0932754116887697,1.0445267251028514,66
2016-03-15,15.425,15.406,15.602,15.18,97747,20160315,15.425,1,-0.123,1.0840544282770632,1.037522745570051,67
2016-03-16,15.691,15.072,15.799,14.836,103997,20160316,15.406,2,-2.168,1.0730341306170061,1.0275858677599132,68
2016-03-17,15.081,15.867,15.966,15.081,178894,20160317,15.072,3,5.275,1.0559184463778168,1.0085735701680418,69
2016-03-18,15.956,16.634,16.683,15.828,216393,20160318,15.867,4,4.834,1.1064385603447826,1.0889002012666908,70
2016-03-21,16.919,16.958,17.046,16.614,216236,20160321,16.634,0,1.948,1.1130419651220769,1.1009139105073076,71
2016-03-22,16.762,16.909,17.155,16.653,163205,20160322,16.958,1,-0.289,1.0591687167260206,1.0235898092147253,72
2016-03-23,16.801,17.125,17.174,16.742,166577,20160323,16.909,2,1.277,1.0021040263866072,0.9447091817756701,73
2016-03-24,16.968,16.575,17.076,16.506,160572,20160324,17.125,3,-3.212,0.9627909331073383,0.8947468672300495,74
2016-03-25,16.526,16.86,16.87,16.506,108428,20160325,16.575,4,1.719,0.9315148572497466,0.8579799228949629,75
2016-03-28,17.027,16.712,17.371,16.634,144326,20160328,16.86,0,-0.878,0.91918731463898,0.8497157977165715,76
2016-03-29,16.722,16.211,16.83,15.976,125060,20160329,16.712,1,-2.998,0.9159865771623756,0.8542870896261915,77
2016-03-30,16.369,16.86,16.889,16.231,186269,20160330,16.211,2,4.003,0.892520650659191,0.8281151554570022,78
2016-03-31,16.929,16.703,17.046,16.634,179293,20160331,16.86,3,-0.931,0.8872889465553491,0.8290331445244135,79
2016-04-01,16.467,16.31,16.604,15.867,161857,20160401,16.703,4,-2.353,0.8969033092283305,0.8508955940919327,80
2016-04-05,16.221,17.164,17.272,16.172,216952,20160405,16.31,1,5.236,0.9153740969656,0.8841097810718425,81
2016-04-06,17.046,17.351,17.557,17.027,215586,20160406,17.164,2,1.089,0.9455329680409377,0.9324954796741161,82
2016-04-07,17.449,16.732,17.557,16.732,173067,20160407,17.351,3,-3.568,0.9345717706174484,0.9181626627714469,83
2016-04-08,16.506,16.536,16.595,16.241,110073,20160408,16.732,4,-1.171,0.9505246271801155,0.9437411078468468,84
2016-04-11,16.732,17.675,17.862,16.732,254736,20160411,16.536,0,6.888,0.9668450675578807,0.9685757390897352,85
2016-04-12,18.275,19.444,19.444,18.275,687715,20160412,17.675,1,10.008,1.1433579171668569,1.2271666538615456,86
2016-04-13,19.601,21.389,21.389,19.601,562447,20160413,19.444,2,10.003,1.3771058862704317,1.5587455594314807,87
2016-04-14,22.588,22.45,23.531,21.988,795048,20160414,21.389,3,4.96,1.6235109119256266,1.895847143702417,88
2016-04-15,22.696,22.706,23.03,21.988,572818,20160415,22.45,4,1.14,1.6251011283287053,1.8618674378642688,89
2016-04-18,22.411,22.234,23.05,21.88,450794,20160418,22.706,0,-2.079,1.5837212181230116,1.7696182422087237,90
2016-04-19,22.264,22.352,22.548,21.723,389330,20160419,22.234,1,0.531,1.5291017021702302,1.6647356089604566,91
2016-04-20,22.038,20.151,22.372,20.122,545201,20160420,22.352,2,-9.847,1.5946471798532174,1.742770990678542,92
2016-04-21,20.259,19.994,20.525,19.67,297680,20160421,20.151,3,-0.779,1.6935101455184354,1.868001705476662,93
2016-04-22,19.847,20.289,20.485,19.689,228375,20160422,19.994,4,1.475,1.611908777534408,1.7250679664742448,94
2016-04-25,20.23,20.122,20.259,19.454,196135,20160425,20.289,0,-0.823,1.538545639768255,1.6023921050059606,95
2016-04-26,20.141,20.2,20.407,19.63,217077,20160426,20.122,1,0.388,1.469307530610593,1.4923397212399632,96
2016-04-27,20.308,19.552,20.564,19.552,220321,20160427,20.2,2,-3.208,1.4277304680830407,1.4282943730759057,97
2016-04-28,19.552,20.2,20.289,19.208,260369,20160428,19.552,3,3.314,1.3962070001638092,1.3819884240825637,98
2016-04-29,19.856,19.63,20.112,19.611,127796,20160429,20.2,4,-2.822,1.3201826652068067,1.2723899007016706,99
2016-05-03,19.513,20.466,20.8,19.513,298196,20160503,19.63,1,4.259,1.3171658602638148,1.2743379149710123,100
2016-05-04,20.318,20.525,20.682,20.161,208094,20160504,20.466,2,0.288,1.2930584272041796,1.2446928460626001,101
2016-05-05,20.397,20.574,20.623,20.171,157689,20160505,20.525,3,0.239,1.2165944013901455,1.1390004246301015,102
2016-05-06,20.593,18.52,20.721,18.52,344359,20160506,20.574,4,-9.983,1.306090255160838,1.2806004167297986,103
2016-05-09,17.96,17.125,17.97,16.948,241403,20160509,18.52,0,-7.532,1.5170006441713206,1.5933204544108148,104
2016-05-10,17.282,17.292,17.538,16.997,107551,20160510,17.125,1,0.975,1.5175460624968744,1.5839443913997682,105
2016-05-11,17.439,16.732,17.538,16.634,138697,20160511,17.292,2,-3.238,1.461767070643835,1.4932851189089174,106
2016-05-12,16.486,17.164,17.282,16.103,155300,20160512,16.732,3,2.582,1.436969224754028,1.4527137618461516,107
2016-05-13,17.056,16.879,17.213,16.703,87934,20160513,17.164,4,-1.66,1.3526967017484812,1.3270185724555275,108
2016-05-16,16.879,17.439,17.498,16.801,128308,20160516,16.879,0,3.318,1.2930862429452308,1.2430160838813302,109
2016-05-17,17.479,17.744,18.235,17.105,256631,20160517,17.439,1,1.749,1.2988058208755888,1.2580806079339193,110
2016-05-18,17.39,16.997,17.4,16.437,152220,20160518,17.744,2,-4.21,1.271822849631814,1.223936523137111,111
2016-05-19,16.958,17.096,17.793,16.958,180090,20160519,16.997,3,0.582,1.2321108467489579,1.1720783151305887,112
2016-05-20,17.037,17.921,18.088,16.732,211782,20160520,17.096,4,4.826,1.2433737122645883,1.1966012084635311,113
2016-05-23,18.058,18.029,18.176,17.597,177308,20160523,17.921,0,0.603,1.228521298593158,1.181054379560156,114
2016-05-24,17.98,17.479,17.98,17.272,117230,20160524,18.029,1,-3.051,1.1812004332285362,1.1179804583888076,115
2016-05-25,17.734,17.528,18.255,17.39,183070,20160525,17.479,2,0.28,1.1524545266011605,1.084249728797621,116
2016-05-26,17.548,17.882,17.97,16.703,169772,20160526,17.528,3,2.02,1.1628678873664309,1.1086164327552954,117
2016-05-27,17.862,17.538,17.921,17.479,112981,20160527,17.882,4,-1.924,1.0973336654919728,1.0197342381467678,118
2016-05-30,17.371,17.312,17.734,17.115,83768,20160530,17.538,0,-1.289,1.0673030083418105,0.9860363385526965,119
2016-05-31,17.459,18.618,18.736,17.341,230275,20160531,17.312,1,7.544,1.0970939360723684,1.040564828392796,120
2016-06-01,18.569,18.52,18.795,18.383,178374,20160601,18.618,2,-0.526,1.1321766182616078,1.0995561861514325,121
2016-06-02,18.717,18.903,19.503,18.55,193254,20160602,18.52,3,2.068,1.1158877027778196,1.0800153608878875,122
2016-06-03,18.844,18.835,19.1,18.55,153697,20160603,18.903,4,-0.36,1.0671702799741443,1.0133466447918995,123
2016-06-06,19.07,19.169,19.336,18.785,167557,20160606,18.835,0,1.773,1.0202453947868035,0.9517004244357593,124
2016-06-07,19.355,18.943,19.355,18.618,134195,20160607,19.169,1,-1.179,0.9944956566611673,0.9230737007548578,125
2016-06-08,18.903,18.825,19.031,18.55,107975,20160608,18.943,2,-0.623,0.9603594989252136,0.882530540135251,126
2016-06-13,18.569,17.312,18.648,17.292,132081,20160613,18.825,0,-8.037,1.023145314957996,0.9849931359205518,127
2016-06-14,17.155,17.341,17.439,17.007,87197,20160614,17.312,1,0.168,1.0954051623326553,1.0960607188656546,128
2016-06-15,17.086,17.872,18.088,16.997,125856,20160615,17.341,2,3.062,1.0950046913642737,1.0953859563446116,129
2016-06-16,18.147,17.754,18.147,17.469,98423,20160616,17.872,3,-0.66,1.0687314382757929,1.0568011618866915,130
2016-06-17,17.862,17.882,18.117,17.715,99896,20160617,17.754,4,0.721,1.008119281024348,0.969494339755382,131
2016-06-20,17.98,17.97,18.176,17.567,95415,20160620,17.882,0,0.492,0.9718355966557608,0.9214284275272827,132
2016-06-21,18.294,17.675,18.471,17.39,124280,20160621,17.97,1,-1.642,0.9817596615117772,0.9427046372903288,133
2016-06-22,17.597,18.589,18.668,17.459,158122,20160622,17.675,2,5.171,1.0024179274450984,0.9782106857962738,134
2016-06-23,18.569,19.444,19.827,18.54,326658,20160623,18.589,3,4.599,1.1069256339122029,1.134715928242707,135
2016-06-24,19.356,18.813,19.494,18.121,211943,20160624,19.444,4,-3.245,1.1311142642669119,1.1664871379075696,136
2016-06-27,18.763,19.553,19.879,18.645,183517,20160627,18.813,0,3.933,1.14046753111558,1.1754888528771006,137
2016-06-28,19.267,19.81,19.929,19.069,191076,20160628,19.553,1,1.314,1.1382432061821026,1.1675570058085891,138
2016-06-29,20.333,19.771,20.333,19.553,164515,20160629,19.81,2,-0.197,1.1056755897669537,1.1158827382645078,139
2016-06-30,19.721,19.455,19.85,19.356,109739,20160630,19.771,3,-1.598,1.0500686369185637,1.0329650396860897,140
2016-07-01,19.662,19.534,19.929,19.455,121457,20160701,19.455,4,0.406,0.9976986914412324,0.9584363676164326,141
2016-07-04,19.415,19.751,19.82,19.277,122973,20160704,19.534,0,1.111,0.9563623969706936,0.9030448518624137,142
2016-07-05,19.731,19.682,20.096,19.415,123677,20160705,19.751,1,-0.349,0.9313294243779592,0.8734388715808198,143
2016-07-06,19.642,19.81,19.889,19.385,136135,20160706,19.682,2,0.65,0.8924812562139757,0.8241803553220662,144
2016-07-07,19.8,19.613,19.85,19.306,126201,20160707,19.81,3,-0.994,0.860801113340896,0.7868229745809232,145
2016-07-08,19.563,19.662,19.899,19.445,92533,20160708,19.613,4,0.25,0.8238191635188521,0.742446577937669,146
2016-07-11,19.652,19.504,20.057,19.504,109745,20160711,19.662,0,-0.804,0.7991992211476814,0.7171870341966308,147
2016-07-12,19.731,19.652,19.731,19.218,122683,20160712,19.504,1,0.759,0.7731810924427025,0.689962096288787,148
2016-07-13,19.692,19.919,20.235,19.682,135338,20160713,19.652,2,1.359,0.7693464453047782,0.6954338167862205,149
2016-07-14,19.909,20.916,21.914,19.85,272862,20160714,19.919,3,5.005,0.9050422992598338,0.9043093079675993,150
2016-07-15,20.965,20.6,21.133,20.442,160723,20160715,20.916,4,-1.511,0.9331293773123784,0.9456014002533556,151
2016-07-18,20.62,20.689,21.183,20.452,123838,20160718,20.6,0,0.432,0.9147539708408208,0.9169878802107042,152
2016-07-19,20.501,20.343,20.738,20.017,134237,20160719,20.689,1,-1.672,0.897139966054881,0.8908561628422561,153
2016-07-20,20.432,20.284,20.689,20.245,90485,20160720,20.343,2,-0.29,0.8559454078747344,0.8312753411160819,154
2016-07-21,20.432,20.373,20.669,20.156,91159,20160721,20.284,3,0.439,0.8247685417347809,0.7888386289587074,155
2016-07-22,20.363,20.363,20.62,20.225,73874,20160722,20.373,4,-0.049,0.7856986619109451,0.736326811755029,156
2016-07-25,20.245,20.541,20.719,20.106,91075,20160725,20.363,0,0.874,0.7699987790279703,0.719883236851866,157
2016-07-26,20.531,20.936,21.025,20.462,112987,20160726,20.541,1,1.923,0.7601807056333592,0.7121654719372693,158
2016-07-27,20.975,19.405,21.114,19.01,209392,20160727,20.936,2,-7.313,0.882346125145452,0.8977434090334281,159
2016-07-28,19.257,18.734,19.455,18.378,134565,20160728,19.405,3,-3.458,1.0346783285909906,1.1191109545174809,160
2016-07-29,18.773,18.339,18.852,18.131,108233,20160729,18.734,4,-2.108,1.0564348484588613,1.13976282725025,161
2016-08-01,18.309,18.349,18.526,17.884,76144,20160801,18.339,0,0.055,1.0376680406931744,1.1011277836140205,162
2016-08-02,18.289,18.388,18.437,18.042,66014,20160802,18.349,1,0.213,0.979243663847142,1.006977412459437,163
2016-08-03,18.289,18.27,18.408,18.151,50414,20160803,18.388,2,-0.642,0.9135851392357112,0.9069804241259458,164
2016-08-04,18.22,18.477,18.744,18.22,78514,20160804,18.27,3,1.133,0.8781683036315278,0.8559163675733563,165
2016-08-05,18.487,18.279,18.605,18.279,44364,20160805,18.477,4,-1.072,0.8287893608987753,0.7864608518940044,166
2016-08-08,18.151,18.536,18.605,17.884,72112,20160808,18.279,0,1.406,0.8189903270003336,0.7777327383078209,167
2016-08-09,18.536,18.724,18.823,18.388,75455,20160809,18.536,1,1.014,0.7939912038371969,0.7465683731991323,168
2016-08-10,18.744,18.556,18.852,18.546,62258,20160810,18.724,2,-0.897,0.7505374540410772,0.6891592567710182,169
2016-08-11,18.526,18.052,18.595,18.052,55443,20160811,18.556,3,-2.716,0.7433976848954923,0.6868713558681624,170
2016-08-12,18.27,18.289,18.349,18.102,57475,20160812,18.052,4,1.313,0.7170888024526083,0.6558218417517727,171
2016-08-15,18.724,19.336,19.445,18.516,204971,20160815,18.289,0,5.725,0.7785352791988365,0.7541122628532779,172
2016-08-16,19.158,19.158,19.336,19.04,113161,20160816,19.336,1,-0.921,0.8029411644397105,0.7931639611401068,173
2016-08-17,19.158,19.168,19.504,19.079,99634,20160817,19.158,2,0.052,0.7685828748031226,0.7440754329874394,174
2016-08-18,19.158,19.06,19.395,18.941,81089,20160818,19.168,3,-0.563,0.7399844301558995,0.7053987085886682,175
2016-08-19,19.139,19.139,19.237,18.99,59673,20160819,19.06,4,0.414,0.6951676616649164,0.6442788807762349,176
2016-08-22,19.208,19.099,19.642,19.079,88453,20160822,19.139,0,-0.209,0.684879691981658,0.6359750300059979,177
2016-08-23,19.336,18.546,19.336,18.309,123516,20160823,19.099,1,-2.895,0.7159815393771237,0.6881116926722559,178
2016-08-24,18.665,18.872,19.218,18.516,84495,20160824,18.546,2,1.758,0.7147104902978123,0.6899634669826341,179
2016-08-25,18.783,19.642,19.642,18.586,189316,20160825,18.872,3,4.08,0.7493731741143242,0.7441016713852544,180
2016-08-26,19.741,19.336,19.741,19.267,132979,20160826,19.642,4,-1.558,0.7602483404223268,0.7607547818673019,181
2016-08-29,19.405,19.563,19.741,19.297,101188,20160829,19.336,0,1.174,0.7314984905278257,0.7185208109514827,182
2016-08-30,19.701,19.632,19.899,19.534,92845,20160830,19.563,1,0.353,0.7161804455637498,0.6977847028245426,183
2016-08-31,19.751,19.652,19.85,19.455,77334,20160831,19.632,2,0.102,0.6869822225975146,0.6574134091144757,184
2016-09-01,19.721,19.168,19.721,19.158,83115,20160901,19.652,3,-2.463,0.6757111112268998,0.644824954565844,185
2016-09-02,19.158,19.178,19.504,19.069,80411,20160902,19.168,4,0.052,0.6672828282348742,0.6365816272903791,186
2016-09-05,19.188,19.316,19.435,19.079,65884,20160905,19.178,0,0.72,0.6389843888367629,0.5991707436515842,187
2016-09-06,19.316,19.455,19.484,18.773,134096,20160906,19.316,1,0.72,0.645531262677235,0.6140813111647333,188
2016-09-07,19.494,19.613,19.869,19.435,148713,20160907,19.455,2,0.812,0.6371193295916862,0.6059371363427558,189
2016-09-08,19.652,19.771,19.948,19.524,138738,20160908,19.613,3,0.806,0.6240175721934016,0.5908788514970356,190
2016-09-09,19.82,19.455,19.82,19.455,89022,20160909,19.771,4,-1.598,0.6004705199100283,0.5607616712973958,191
2017-02-21,18.121,18.773,19.188,17.805,306444,20170221,19.455,1,-3.506,0.7246095648284269,0.7481267817912662,192
2017-02-22,18.763,18.635,19.218,18.576,153461,20170222,18.773,2,-0.735,0.7386450590658659,0.7655765442191129,193
2017-02-23,18.714,18.665,18.862,18.042,167246,20170223,18.635,3,0.161,0.7460409628498721,0.7728330049899029,194
2017-02-24,18.625,18.635,18.961,18.477,85216,20170224,18.665,4,-0.161,0.722219056952589,0.7343219376578902,195
2017-02-27,18.635,18.744,19.119,18.546,107585,20170227,18.635,0,0.585,0.7086536880436409,0.7128123459701593,196
2017-02-28,18.773,18.99,19.158,18.763,87671,20170228,18.744,1,1.312,0.6917760799321362,0.6875040331741256,197
2017-03-01,19.218,19.376,19.929,19.06,183490,20170301,18.99,2,2.033,0.7366146183798444,0.7538368287509366,198
2017-03-02,19.504,19.652,19.761,19.297,133661,20170302,19.376,3,1.424,0.7397405621799549,0.7561252515841451,199
2017-03-03,19.553,19.988,20.116,19.356,136868,20170303,19.652,4,1.71,0.741582329263321,0.7566418847062589,200
2017-03-06,20.393,20.462,21.015,20.047,205697,20170306,19.988,0,2.371,0.7980748450306863,0.8374896334121136,201
2017-03-07,20.353,20.699,20.916,20.166,157545,20170307,20.462,1,1.158,0.809886222801898,0.849557682290501,202
2017-03-08,20.728,20.166,20.728,19.998,137685,20170308,20.699,2,-2.575,0.8026238388846965,0.8336166579850975,203
2017-03-09,20.166,20.175,20.393,20.027,91704,20170309,20.166,3,0.045,0.790748944401807,0.8120677702537479,204
2017-03-10,20.175,19.899,20.304,19.889,81306,20170310,20.175,4,-1.368,0.756589949354654,0.759125400886573,205
2017-03-13,19.84,20.027,20.274,19.81,92384,20170313,19.899,0,0.643,0.7299908629778101,0.7197753474350248,206
2017-03-14,20.096,19.938,20.205,19.583,143647,20170314,20.027,1,-0.444,0.7201735117738925,0.7067386344436867,207
2017-03-15,19.8,19.682,19.948,19.622,81094,20170315,19.938,2,-1.284,0.6915213742759166,0.6665068165178583,208
2017-03-16,19.79,19.869,19.978,19.731,86693,20170316,19.682,3,0.95,0.6511103401687913,0.6105725743154722,209
2017-03-17,19.909,19.692,20.106,19.652,116579,20170317,19.869,4,-0.891,0.6331912183021929,0.5896962310734077,210
2017-03-20,19.672,19.366,19.83,19.158,130814,20170320,19.692,0,-1.655,0.6402647439229526,0.6058700669302876,211
2017-03-21,19.464,19.603,19.662,19.316,93807,20170321,19.366,1,1.224,0.6162406762569492,0.5752207246729143,212
2017-03-22,19.405,19.435,19.514,19.208,74748,20170322,19.603,2,-0.857,0.5880369783762999,0.5393246280498574,213
2017-03-23,19.425,18.911,19.474,18.773,190730,20170323,19.435,3,-2.696,0.610033616733456,0.5780813443098782,214
2017-03-24,18.99,18.763,19.01,18.714,188061,20170324,18.911,4,-0.783,0.6201214697692482,0.5971371650685623,215
2017-03-27,18.753,19.079,19.188,18.734,100277,20170327,18.763,0,1.684,0.6050195179563101,0.5780522097260863,216
2017-03-28,18.911,18.803,19.129,18.734,74440,20170328,19.079,1,-1.447,0.5859268344876538,0.5536452484292741,217
2017-03-29,18.832,18.852,19.02,18.615,66262,20170329,18.803,2,0.261,0.5748425767974147,0.5416925486387042,218
2017-03-30,18.793,18.309,19.03,18.27,98062,20170330,18.852,3,-2.88,0.5916750698290069,0.5708002088202111,219
2017-03-31,18.171,18.586,18.645,17.944,124530,20170331,18.309,4,1.513,0.6204318816831964,0.6157601809775177,220
2017-04-05,18.487,18.783,18.911,18.378,95946,20170405,18.586,2,1.06,0.6187562560745489,0.6139254901805149,221
2017-04-06,18.783,19.148,19.247,18.763,91240,20170406,18.783,3,1.943,0.6225965964336666,0.6202020914897799,222
2017-04-07,19.168,19.247,19.336,18.99,91146,20170407,19.148,4,0.517,0.6162696331181323,0.6112418126244754,223
2017-04-10,19.267,18.971,19.405,18.971,72007,20170410,19.247,0,-1.434,0.5996996664629763,0.5876095709412119,224
2017-04-11,18.951,19.188,19.218,18.674,78944,20170411,18.971,1,1.144,0.5972724240561789,0.5856616281490504,225
2017-04-12,19.188,19.158,19.356,18.921,61850,20170412,19.188,2,-0.156,0.582520385499692,0.5655734110625105,226
2017-04-13,19.079,19.316,19.316,18.981,61105,20170413,19.158,3,0.825,0.5600185322642305,0.5348302895875086,227
2017-04-14,19.257,18.645,19.257,18.645,66828,20170414,19.316,4,-3.474,0.5647441202417783,0.5451195843091743,228
2017-04-17,18.763,18.684,18.921,18.477,41257,20170417,18.645,0,0.209,0.589676472954595,0.5843036397346176,229
2017-04-18,18.625,18.26,19.01,18.191,58419,20170418,18.684,1,-2.269,0.6105240663280787,0.6155964877700024,230
2017-04-19,18.408,18.25,18.428,18.111,57642,20170419,18.26,2,-0.055,0.6071127875701299,0.6099169560673355,231
2017-04-20,18.319,18.368,18.467,18.191,37144,20170420,18.25,3,0.647,0.5770116250569296,0.5653946952583573,232
2017-04-21,18.447,18.447,18.615,18.368,30373,20170421,18.368,4,0.43,0.5577378409568723,0.5386754025572428,233
2017-04-24,18.329,18.151,18.467,17.677,41861,20170424,18.447,0,-1.605,0.5788525826920221,0.5721853488829437,234
2017-04-25,18.151,18.25,18.418,18.131,23002,20170425,18.151,1,0.545,0.5549568933523135,0.5380273023652182,235
2017-04-26,18.181,17.953,18.358,17.874,29972,20170426,18.25,2,-1.627,0.5485062666829226,0.5308236620498561,236
2017-04-27,17.865,18.072,18.151,17.282,55355,20170427,17.953,3,0.663,0.5866420606262078,0.5891138404432091,237
2017-04-28,18.102,18.595,18.655,18.102,59432,20170428,18.072,4,2.894,0.5971291460251673,0.6041653283841144,238
2017-05-02,18.595,18.694,18.734,18.467,50754,20170502,18.595,1,0.532,0.6030264963872018,0.6118766179328989,239
2017-05-03,18.625,18.674,18.813,18.566,41866,20170503,18.694,2,-0.107,0.5706604512576692,0.5632264022085124,240
2017-05-04,18.566,18.27,18.694,18.27,31504,20170504,18.674,3,-2.163,0.5573276829602357,0.5446628819140444,241
2017-05-05,18.22,18.003,18.378,17.944,40357,20170505,18.27,4,-1.461,0.5730251663288596,0.569374497658839,242
2017-05-08,18.052,17.677,18.171,17.677,32901,20170508,18.003,0,-1.811,0.5748410602991079,0.5725245646376609,243
2017-05-09,17.687,17.874,18.003,17.391,53814,20170509,17.677,1,1.114,0.578219145726706,0.5777879560193063,244
2017-05-10,17.805,17.341,18.052,17.252,46297,20170510,17.874,2,-2.982,0.5983810415710569,0.6074162285500656,245
2017-05-11,17.361,17.381,17.499,16.986,43572,20170511,17.341,3,0.231,0.624710037793442,0.6448273980767237,246
2017-05-12,17.4,17.005,17.47,16.719,54134,20170512,17.381,4,-2.163,0.6361909434492066,0.6589837449998269,247
2017-05-15,17.677,17.075,17.953,17.005,57584,20170515,17.005,0,0.412,0.6645372213188592,0.6975192456665167,248
2017-05-16,16.897,17.381,17.41,16.492,68769,20170516,17.075,1,1.792,0.6875792921090874,0.7269166795776477,249
2017-05-17,17.331,17.292,17.509,17.272,31890,20170517,17.381,2,-0.512,0.6645266291891392,0.6878611223006277,250
2017-05-18,17.173,17.341,17.628,17.084,43679,20170518,17.292,3,0.283,0.6535696628988114,0.6686796393272108,251
2017-05-19,17.341,17.233,17.43,17.065,27369,20170519,17.341,4,-0.623,0.6273360571798533,0.6281890207502491,252
2017-05-22,17.233,17.144,17.371,16.788,33999,20170522,17.233,0,-0.516,0.6233055065270158,0.6221638179835489,253
2017-05-23,17.094,16.66,17.134,16.423,51078,20170523,17.144,1,-2.823,0.6402777332068512,0.6472086422524098,254
2017-05-24,16.522,16.689,16.749,16.294,24009,20170524,16.66,2,0.174,0.6593433938248927,0.6742474899520882,255
2017-06-05,17.282,17.42,17.637,17.173,80001,20170605,16.689,0,4.38,0.6882212671142033,0.7146144912918093,256
2017-06-06,17.292,17.776,18.052,17.242,69554,20170606,17.42,1,2.044,0.7495647882869231,0.8010658924529013,257
2017-06-07,17.776,17.845,18.072,17.608,67640,20170607,17.776,2,0.388,0.7406952620788521,0.7811904401258475,258
2017-06-08,17.924,18.023,18.191,17.884,45750,20170608,17.845,3,0.997,0.7110866018893534,0.7323650481090677,259
2017-06-09,18.013,17.667,18.141,17.549,69300,20170609,18.023,4,-1.975,0.7002605471719691,0.7136497083611919,260
2017-06-12,17.677,17.835,18.003,17.598,48878,20170612,17.667,0,0.951,0.6752368610650689,0.6751630805796998,261
2017-06-13,17.825,17.865,18.052,17.776,32940,20170613,17.835,1,0.168,0.6488516918769923,0.6364746698357395,262
2017-06-14,17.874,17.953,18.2,17.835,32515,20170614,17.865,2,0.493,0.6230469926151426,0.6002780471909741,263
2017-06-15,17.953,18.684,18.842,17.953,80520,20170615,17.953,3,4.072,0.655224538741384,0.6505076408988437,264
2017-06-16,18.853,18.565,19.221,18.555,73824,20170616,18.684,4,-0.637,0.7109313988563475,0.7328399554456646,265
2017-06-19,18.665,19.062,19.131,18.665,51600,20170619,18.565,0,2.677,0.6886649080510275,0.6972612947195762,266
2017-06-20,19.062,19.082,19.26,18.943,47357,20170620,19.062,1,0.105,0.6892408255009385,0.6969597887569656,267
2017-06-21,19.131,18.704,19.131,18.615,40481,20170621,19.082,2,-1.981,0.6734916595461923,0.6728318169227039,268
2017-06-22,18.754,18.565,19.022,18.546,38744,20170622,18.704,3,-0.743,0.6609924177691825,0.6545875746663435,269
2017-06-23,18.665,18.516,18.665,18.148,33546,20170623,18.565,4,-0.264,0.6514476525173808,0.6414425647108312,270
2017-06-26,18.565,19.012,19.082,18.337,70036,20170626,18.516,0,2.679,0.659952411379484,0.655250222749387,271
2017-06-27,19.022,19.558,19.638,19.002,116246,20170627,19.012,1,2.872,0.7019567376179235,0.7174835263828026,272
2017-06-28,19.558,19.38,19.777,19.31,60346,20170628,19.558,2,-0.91,0.7076879432890473,0.7238190561984285,273
2017-06-29,19.489,19.37,19.528,19.191,41107,20170629,19.38,3,-0.052,0.676716312080824,0.6762431820386381,274
2017-06-30,19.211,19.211,19.419,19.062,32027,20170630,19.37,4,-0.821,0.6476511928006397,0.6336774244334863,275
2017-07-03,19.27,19.459,19.687,19.201,34611,20170703,19.211,0,1.291,0.6329556298187131,0.6139871011756882,276
2017-07-04,19.439,19.449,19.677,19.33,46100,20170704,19.459,1,-0.051,0.6177778452896918,0.5942554876855961,277
2017-07-05,19.37,19.657,19.657,19.26,58291,20170705,19.449,2,1.069,0.5977071320814811,0.5679547559941832,278
2017-07-06,19.707,19.588,19.926,19.509,48739,20170706,19.657,3,-0.351,0.5867337564376812,0.5558274551949578,279
2017-07-07,19.509,19.628,19.677,19.449,30652,20170707,19.588,4,0.204,0.554121596761452,0.5121171278356298,280
2017-07-10,19.697,19.717,20.164,19.638,81221,20170710,19.628,0,0.453,0.5561105425104149,0.5206348441242121,281
2017-07-11,19.727,19.042,19.727,18.963,53828,20170711,19.717,1,-3.423,0.5750095841004136,0.5530835315743171,282
2017-07-12,19.032,18.565,19.111,18.277,65757,20170712,19.042,2,-2.505,0.6536450764550596,0.6713390606977417,283
2017-07-13,18.555,18.486,18.744,18.347,37886,20170713,18.565,3,-0.426,0.6574046149591511,0.6744938526047095,284
2017-07-14,18.466,18.466,18.704,18.148,42705,20170714,18.486,4,-0.108,0.648186013599215,0.6586946722574151,285
2017-07-17,18.466,17.483,18.506,17.394,63416,20170717,18.466,0,-5.323,0.6903509214538877,0.7191353826230934,286
2017-07-18,17.573,17.612,17.751,16.957,63349,20170718,17.483,1,0.738,0.7647735649581691,0.8244506649400144,287
2017-07-19,17.533,18.099,18.119,17.394,52660,20170719,17.612,2,2.765,0.7611577863256044,0.811190576281346,288
2017-07-20,18.049,18.277,18.546,17.94,46549,20170720,18.099,3,0.983,0.776870714841474,0.8275651661104996,289
2017-07-21,18.178,18.387,18.665,18.119,36466,20170721,18.277,4,0.602,0.757700649855868,0.7926898106290995,290
2017-07-24,18.367,18.049,18.367,17.851,53389,20170724,18.387,0,-1.838,0.7357278635053168,0.7557978358785532,291
2017-07-25,18.049,17.652,18.089,17.592,44919,20170725,18.049,1,-2.2,0.7411162395502923,0.7610247910947463,292
2017-07-26,17.612,17.761,17.791,17.394,46103,20170726,17.652,2,0.617,0.7332874905002605,0.7468881522821136,293
2017-07-27,17.811,18.873,19.092,17.771,121828,20170727,17.761,3,6.261,0.7975340822730035,0.8393030653111647,294
2017-07-28,18.853,18.893,19.052,18.694,48279,20170728,18.873,4,0.106,0.8423946202482098,0.8995293232696756,295
2017-07-31,18.953,18.714,18.972,18.546,46543,20170731,18.893,0,-0.947,0.8045405638619899,0.8363920801670525,296
2017-08-01,18.724,18.714,18.893,18.565,41268,20170801,18.714,1,0.0,0.7612186944199707,0.7686064694781121,297
2017-08-02,18.714,18.119,18.714,18.0,57702,20170802,18.714,2,-3.179,0.7569260858363355,0.7613256068810307,298
2017-08-03,18.119,18.327,18.685,17.96,60938,20170803,18.119,3,1.148,0.7566600780330319,0.7603488592968929,299
2017-08-04,18.387,18.0,18.446,17.95,51307,20170804,18.327,4,-1.784,0.7329637073027482,0.7251023447239742,300
2017-08-07,17.87,18.148,18.228,17.781,31872,20170807,18.0,0,0.822,0.7159670066388572,0.7012220320941118,301
2017-08-08,18.148,18.585,18.595,18.009,59732,20170808,18.148,1,2.408,0.7049700060353211,0.6870590944815629,302
2017-08-09,18.565,18.903,19.002,18.496,68712,20170809,18.585,2,1.711,0.7185181873048405,0.7093178818840206,303
2017-08-10,18.873,18.754,19.102,18.585,50830,20170810,18.903,3,-0.788,0.7001983520953052,0.6836754976328178,304
2017-08-11,18.665,18.804,18.833,18.466,37241,20170811,18.754,4,0.267,0.6762712291775449,0.650785431281775,305
2017-08-14,18.804,19.35,19.389,18.724,79051,20170814,18.804,0,2.904,0.675246571979586,0.6526807071108716,306
2017-08-15,19.37,19.32,19.717,19.221,69063,20170815,19.35,1,-0.155,0.6968605199814458,0.6873899461627554,307
2017-08-16,19.26,19.906,20.005,19.26,117362,20170816,19.32,2,3.033,0.7012368363467695,0.6950712866743877,308
2017-08-17,19.856,20.531,20.551,19.638,153943,20170817,19.906,3,3.14,0.7493971239516155,0.7665284484511357,309
2017-08-18,20.352,20.362,20.601,20.114,66074,20170818,20.531,4,-0.823,0.7444519308651041,0.7569913219909837,310
2017-08-21,20.541,20.134,21.018,19.707,119707,20170821,20.362,0,-1.12,0.7959563007864646,0.8308591457255192,311
2017-08-22,20.164,19.806,20.293,19.648,94343,20170822,20.134,1,-1.629,0.7885057279876945,0.8152779262954503,312
2017-08-23,19.806,19.866,20.055,19.667,49442,20170823,19.806,2,0.303,0.7592779345342651,0.7688408694560571,313
2017-08-24,19.866,19.568,19.896,19.479,44479,20170824,19.866,3,-1.5,0.728161758667511,0.721928753528583,314
2017-08-25,19.528,18.377,19.528,17.87,326370,20170825,19.568,4,-6.086,0.843419780606838,0.8918049197247722,315
2017-08-28,18.188,18.665,18.903,18.089,147800,20170828,18.377,0,1.567,0.9011998005516759,0.9700975970948034,316
2017-08-29,18.714,18.476,18.744,18.387,74727,20170829,18.665,1,-1.013,0.8526361823197017,0.8896845841488292,317
2017-08-30,18.476,18.526,18.704,18.377,45734,20170830,18.476,2,0.271,0.8048510748360896,0.8146599729289856,318
2017-08-31,18.546,18.754,18.774,18.546,43486,20170831,18.526,3,1.231,0.7587737043964428,0.7457719765384544,319
2017-09-01,18.764,18.814,18.923,18.595,73700,20170901,18.754,4,0.32,0.7258851858149458,0.6992690463333264,320
2017-09-04,18.774,19.459,19.638,18.764,134283,20170904,18.814,0,3.428,0.7402592598317693,0.7238998401555491,321
2017-09-05,19.419,19.25,19.419,19.082,73384,20170905,19.459,1,-1.074,0.7279629634834266,0.7080465281348098,322
2017-09-06,19.171,19.33,19.558,19.121,60400,20170906,19.25,2,0.416,0.7015117849849324,0.6719069910501687,323
2017-09-07,19.459,19.161,19.568,19.072,70883,20170907,19.33,3,-0.874,0.6828288954408471,0.6484527255768131,324
2017-09-08,19.161,18.863,19.221,18.655,75741,20170908,19.161,4,-1.555,0.6821171776734974,0.6519923621665714,325
2017-09-11,18.863,18.992,19.012,18.635,57283,20170911,18.863,0,0.684,0.6679247069759063,0.6351933805443619,326
2017-09-12,19.042,19.082,19.201,18.714,54177,20170912,18.992,1,0.474,0.6514770063417328,0.6154342631384473,327
2017-09-13,19.062,19.032,19.111,18.804,56991,20170913,19.082,2,-0.262,0.6201609148561201,0.5743096947199879,328
2017-09-14,18.992,19.36,19.439,18.833,78424,20170914,19.032,3,1.723,0.6188735589601093,0.5785350687573231,329
2017-09-15,19.33,19.449,19.509,19.191,64777,20170915,19.36,4,0.46,0.6059759626910083,0.5649970595896799,330
2017-09-18,19.429,19.439,19.538,19.27,63015,20170918,19.449,0,-0.051,0.5752508751736434,0.5253974516443893,331
2017-09-19,19.747,19.667,20.452,19.459,136637,20170919,19.439,1,1.173,0.6141371592487673,0.5890777914251374,332
2017-09-20,19.628,19.399,19.628,19.111,72306,20170920,19.667,2,-1.363,0.6053065084079701,0.579467419235119,333
2017-09-21,19.32,19.439,19.737,19.26,56755,20170921,19.399,3,0.206,0.5936422803708814,0.565805096670436,334
2017-09-22,19.36,19.836,19.846,19.141,86405,20170922,19.439,4,2.042,0.6037657094280743,0.5843644171143781,335
2017-09-25,20.005,19.578,20.204,19.558,103234,20170925,19.836,0,-1.301,0.6184233722073404,0.6084491614991278,336
2017-09-26,19.548,19.459,19.628,19.062,64399,20170926,19.578,1,-0.608,0.632566702006673,0.6305226066325771,337
2017-09-27,19.419,20.333,20.432,19.37,159812,20170927,19.459,2,4.491,0.6716060927333393,0.6880529257482332,338
2017-09-28,20.303,20.392,20.68,19.965,154486,20170928,20.333,3,0.29,0.7215509933939449,0.7591125356484683,339
2017-09-29,20.253,20.452,20.998,20.184,167535,20170929,20.392,4,0.294,0.72995544853995,0.7664308642286725,340
2017-10-09,20.879,20.601,21.425,20.501,197593,20171009,20.452,0,0.729,0.7575049532181367,0.8019734156648496,341
2017-10-10,20.551,20.482,20.65,20.144,102661,20171010,20.601,1,-0.578,0.7346408665619423,0.762510293576203,342
2017-10-11,20.472,20.601,20.839,20.293,99633,20171011,20.482,2,0.581,0.7174916968744928,0.7336422544327093,343
2017-10-12,20.472,21.266,21.445,20.362,183635,20171012,20.601,3,3.228,0.7507197244313574,0.7802232871750149,344
2017-10-13,21.435,21.504,21.723,20.958,158028,20171013,21.266,4,1.119,0.7844724767557789,0.8257935155516787,345
2017-10-16,22.03,21.276,22.398,21.266,243792,20171016,21.504,0,-1.06,0.8160658879597994,0.866621046811455,346
2017-10-17,21.276,21.792,22.06,21.047,151425,20171017,21.276,1,2.425,0.833968989054363,0.8861382405699274,347
2017-10-18,21.663,21.047,21.961,21.047,102700,20171018,21.792,2,-3.419,0.8412445355039662,0.8898531418272702,348
2017-10-19,21.256,21.296,21.325,20.611,110260,20171019,21.047,3,1.183,0.8721313959126971,0.928672722916968,349
2017-10-20,21.097,22.09,22.149,20.988,111170,20171020,21.296,4,3.728,0.8983921781024521,0.9596496931947058,350
2017-10-23,22.1,22.13,22.269,21.842,88196,20171023,22.09,0,0.181,0.9051747073658651,0.9614297341020778,351
2017-10-24,22.04,21.693,22.04,21.256,112259,20171024,22.13,1,-1.975,0.898704279423514,0.9444391028884679,352
2017-10-25,22.03,23.083,23.251,21.961,234278,20171025,21.693,2,6.408,0.9342766176577404,0.9905138891700058,353
2017-10-26,22.874,23.093,23.5,22.745,166105,20171026,23.083,3,0.043,1.013615106961582,1.0993787039473377,354
2017-10-27,23.033,23.43,23.797,22.944,154247,20171027,23.093,4,1.459,0.9990137336014382,1.066528210087693,355
2017-10-30,23.48,22.686,23.609,22.606,154641,20171030,23.43,0,-3.175,0.9993761214558529,1.0580577820760007,356
2017-10-31,22.695,24.353,24.87,22.695,223370,20171031,22.686,1,7.348,1.106251019505321,1.2069834111325342,357
2017-11-01,24.224,24.214,24.572,23.996,174617,20171101,24.353,2,-0.571,1.1771372904593826,1.2975189563148624,358
2017-11-02,24.056,24.145,24.482,23.678,151501,20171102,24.214,3,-0.285,1.1432157185994385,1.231716428806214,359
2017-11-03,24.026,23.897,24.721,23.44,167941,20171103,24.145,4,-1.027,1.1557415623631258,1.2382875716320518,360
2017-11-06,23.946,25.138,25.177,23.639,207616,20171106,23.897,0,5.193,1.1904923294210235,1.2782492287477785,361
2017-11-07,24.87,24.929,25.177,24.502,155699,20171107,25.138,1,-0.831,1.1986293903827483,1.2784826649147412,362
2017-11-08,23.827,23.549,24.066,23.351,435691,20171108,24.929,2,-5.536,1.252117627620681,1.3462849762594433,363
2017-11-09,23.629,23.927,23.927,23.41,198567,20171109,23.549,3,1.605,1.2763796614733465,1.3693136460915178,364
2017-11-10,24.075,25.267,25.624,23.708,309629,20171110,23.927,4,5.6,1.3489815104303147,1.4634051599459816,365
2017-11-13,25.247,25.426,25.614,24.83,178406,20171113,25.267,0,0.629,1.3797104640275586,1.493217805286517,366
2017-11-14,25.426,24.572,25.594,24.423,200614,20171114,25.426,1,-3.359,1.3607367854795989,1.4502554312483154,367
2017-11-15,24.631,24.87,24.929,24.026,148007,20171115,24.572,2,1.213,1.3643061686178175,1.443554707081874,368
2017-11-16,24.721,24.393,24.87,23.807,176347,20171116,24.87,3,-1.918,1.3369146987434706,1.3928140794709576,369
2017-11-17,24.403,23.043,24.423,22.834,216810,20171117,24.393,4,-5.534,1.4004679079486102,1.478572202208164,370
2017-11-20,22.745,23.797,23.887,22.686,150888,20171120,23.043,0,3.272,1.4283344617714646,1.509029241913743,371
2017-11-21,23.728,22.507,23.966,21.772,268684,20171121,23.797,1,-5.421,1.497940419792241,1.6003586763252442,372
2017-11-22,22.388,22.725,23.112,22.288,160286,20171122,22.507,2,0.969,1.498945836174765,1.5881775194818788,373
2017-11-23,22.715,21.891,23.033,21.703,152029,20171123,22.725,3,-3.67,1.4835871237952412,1.5537538502176285,374
2017-11-24,21.891,22.12,22.547,21.792,137605,20171124,21.891,4,1.046,1.4335337489047648,1.4709866701886118,375
2017-11-27,22.566,21.842,23.132,21.822,172004,20171127,22.12,0,-1.257,1.4223034080952408,1.4495217808301304,376
2017-11-28,21.871,22.656,23.023,21.862,179246,20171128,21.842,1,3.727,1.3985485528138553,1.41105221005278,377
2017-11-29,22.894,22.934,23.083,22.169,163698,20171129,22.656,2,1.227,1.384225957103504,1.3883785820457415,378
2017-11-30,22.735,22.408,23.162,22.288,153347,20171130,22.934,3,-2.294,1.3378417791850037,1.3197947711063092,379
2017-12-01,22.368,22.954,23.291,22.278,164055,20171201,22.408,4,2.437,1.3083107083500036,1.2788888016254683,380
2017-12-04,22.844,22.497,23.132,22.288,156511,20171204,22.954,0,-1.991,1.2661006439545488,1.220903628075406,381
2017-12-05,22.368,22.288,22.983,21.842,144196,20171205,22.497,1,-0.929,1.254727858140499,1.2102498109986854,382
2017-12-06,22.199,21.742,22.527,20.849,221936,20171206,22.288,2,-2.45,1.2932071437640902,1.2726165028655274,383
2017-12-07,21.534,21.464,22.05,21.375,127574,20171207,21.742,3,-1.279,1.2586428579673548,1.2246676358167905,384
2017-12-08,21.365,22.149,22.338,21.325,148629,20171208,21.464,4,3.191,1.2363116890612318,1.196445284374552,385
2017-12-11,22.179,22.328,22.576,21.981,175004,20171211,22.149,0,0.808,1.2250106264193008,1.1851859131246107,386
2017-12-12,22.278,22.686,23.162,22.12,206961,20171212,22.328,1,1.603,1.2083732967448189,1.1660944580413293,387
2017-12-13,22.556,22.894,22.964,22.417,168939,20171213,22.686,2,0.917,1.1563393606771073,1.095415196969151,388
2017-12-14,22.934,23.103,23.192,22.616,165340,20171214,22.894,3,0.913,1.1035812369791884,1.0261598373732643,389
2017-12-15,23.033,22.854,23.281,22.547,138838,20171215,23.103,4,-1.078,1.069982942708353,0.9872051923901621,390
2017-12-18,22.705,22.725,23.023,22.437,89554,20171218,22.854,0,-0.564,1.0332572206439579,0.9443778334048082,391
2017-12-19,22.636,23.162,23.162,22.547,149813,20171219,22.725,1,1.923,0.9952338369490525,0.9004607889508335,392
2017-12-20,23.112,20.998,23.112,20.869,327299,20171220,23.162,2,-9.343,1.1086671244991388,1.0794660170907222,393
2017-12-21,20.998,21.633,21.653,20.928,174238,20171221,20.998,3,3.024,1.2109701131810355,1.2334038814786261,394
2017-12-22,21.544,21.544,21.911,21.425,78027,20171222,21.633,4,-0.411,1.183881921073668,1.1906833639481416,395
2017-12-25,21.643,21.474,21.742,20.998,87456,20171225,21.544,0,-0.325,1.1438926555215163,1.1311255820883892,396
2017-12-26,21.494,21.564,21.673,21.107,79130,20171226,21.474,1,0.419,1.0913569595650148,1.0557755044766037,397
2017-12-27,21.514,21.097,21.593,21.077,78248,20171227,21.564,2,-2.166,1.0390517814227405,0.9838054372130564,398
2017-12-28,21.097,21.107,21.504,20.998,65587,20171228,21.097,3,0.047,0.996047074020673,0.9280980455846487,399
2017-12-29,21.107,21.435,21.454,21.047,82991,20171229,21.107,4,1.554,0.9424973400187936,0.8586183061733622,400
2018-01-02,21.534,21.633,21.693,21.246,77493,20180102,21.435,1,0.924,0.9100884909261756,0.82226919868358,401
2018-01-03,21.544,21.961,22.06,21.325,142008,20180103,21.633,2,1.516,0.8941713553874324,0.8106333055257693,402
2018-01-04,21.832,21.822,21.891,21.593,81224,20180104,21.961,3,-0.633,0.8399739594431203,0.7422821981223331,403
2018-01-05,21.792,21.524,21.931,21.395,80611,20180105,21.822,4,-1.366,0.8150672358573823,0.7187779050393557,404
2018-01-08,21.345,21.921,21.981,21.147,99491,20180108,21.524,0,1.844,0.8167883962339841,0.7341408510341088,405
2018-01-09,21.842,21.504,21.842,21.385,72571,20180109,21.921,1,-1.902,0.7840803602127125,0.6971887375628939,406
2018-01-10,21.554,21.306,21.564,21.097,73977,20180110,21.504,2,-0.921,0.787709418375193,0.7140969058878411,407
2018-01-11,21.157,22.06,22.209,21.147,155752,20180111,21.306,3,3.539,0.8126449257956303,0.7604839851027958,408
2018-01-12,21.921,20.551,22.03,20.521,191950,20180112,22.06,4,-6.84,0.8759499325414822,0.860286120422423,409
2018-01-15,20.452,19.866,20.601,19.687,178266,20180115,20.551,0,-3.333,1.0120453932195295,1.0619813043661002,410
2018-01-16,19.955,19.241,20.104,18.863,194687,20180116,19.866,1,-3.146,1.0734958120177545,1.1454504637839538,411
2018-01-17,19.151,19.439,19.687,19.151,105098,20180117,19.241,2,1.029,1.040905283652504,1.08805706861276,412
2018-01-18,19.737,19.439,19.846,19.37,80938,20180118,19.439,3,0.0,1.0012775305931854,1.023649459464392,413
2018-01-19,19.439,19.469,19.687,19.171,62922,20180119,19.439,4,0.154,0.9571613914483504,0.9559628648691398,414
2018-01-22,19.469,19.856,20.055,19.141,86689,20180122,19.469,0,1.988,0.9532376285894096,0.9503678162199214,415
2018-01-23,19.816,19.677,19.926,19.568,60193,20180123,19.856,1,-0.901,0.9081251168994627,0.8845854407239311,416
2018-01-24,19.677,20.223,20.313,19.31,111525,20180124,19.677,2,2.775,0.9167501062722389,0.900374048627407,417
2018-01-25,20.144,20.025,20.531,19.955,88790,20180125,20.223,3,-0.979,0.9110455511565806,0.8941908421437526,418
2018-01-26,19.916,19.777,20.094,19.757,73932,20180126,20.025,4,-1.238,0.8705868646878002,0.8370987298579184,419
2018-01-29,19.757,19.201,19.866,19.141,85007,20180129,19.777,0,-2.912,0.871806240625273,0.8433522325435293,420
2018-01-30,19.231,19.687,19.906,19.191,70515,20180130,19.201,1,2.531,0.8575511278411573,0.8262386015377253,421
2018-01-31,19.707,19.528,19.945,19.37,78680,20180131,19.687,2,-0.808,0.8472282980374154,0.8152734546660281,422
2018-02-01,19.459,18.913,19.628,18.526,103572,20180201,19.528,3,-3.149,0.8757529982158326,0.861370327377225,423
2018-02-02,18.675,18.744,19.111,18.605,57347,20180202,18.913,4,-0.894,0.8800481801962117,0.8695876170602619,424
2018-02-05,18.516,19.022,19.102,18.377,47640,20180205,18.744,0,1.483,0.8659528910874652,0.8503092681188938,425
2018-02-06,18.665,17.444,18.833,17.444,119071,20180206,19.022,1,-8.296,0.913502628261332,0.9221346990363747,426
2018-02-07,17.851,17.761,18.069,17.245,87470,20180207,17.444,2,1.817,0.9920023893284842,1.0361167391648587,427
2018-02-08,17.592,18.238,18.387,17.592,72253,20180208,17.761,3,2.686,0.9875476266622581,1.0237011739428772,428
2018-02-09,17.88,17.97,18.238,17.682,65877,20180209,18.238,4,-1.469,0.9483160242384164,0.9613410174171604,429
2018-02-12,18.129,18.546,18.744,18.099,57502,20180212,17.97,0,3.205,0.9207418402167421,0.9191622150948723,430
2018-02-13,18.565,18.824,18.923,18.466,96120,20180213,18.546,1,1.499,0.9236744001970382,0.9236739197488892,431
2018-02-14,18.764,18.814,18.913,18.595,45516,20180214,18.824,2,-0.053,0.873067636542762,0.8494507304490374,432
2018-02-22,19.131,19.648,19.935,19.131,116508,20180222,18.814,3,4.433,0.8946978514025103,0.8843239663891649,433
2018-02-23,19.558,19.955,20.144,19.558,78511,20180223,19.648,4,1.562,0.934270774002282,0.943747437537276,434
2018-02-26,20.084,20.243,20.412,19.955,97402,20180226,19.955,0,1.443,0.9187916127293468,0.9197811125323053,435
2018-02-27,20.333,20.343,20.72,20.084,106685,20180227,20.243,1,0.494,0.904810557026679,0.8991436308613314,436
2018-02-28,20.65,21.246,21.663,20.531,158934,20180228,20.343,2,4.439,0.9516459609333445,0.9685911467464869,437
2018-03-01,21.266,22.874,23.331,21.256,240586,20180301,21.246,3,7.663,1.1367690553939491,1.237845660513621,438
2018-03-02,22.735,22.686,23.053,22.249,174543,20180302,22.874,4,-0.822,1.1976991412672264,1.3137329057784712,439
2018-03-05,22.695,22.884,22.904,22.437,135627,20180305,22.686,0,0.873,1.1312719466065693,1.2008351850080081,440
2018-03-06,22.834,22.427,22.934,22.338,156420,20180306,22.884,1,-1.997,1.0826108605514264,1.1201904936736071,441
2018-03-07,22.328,22.646,22.834,22.199,124725,20180307,22.427,2,0.977,1.0464644186831153,1.062165094517127,442
2018-03-08,22.606,22.378,22.745,22.05,106800,20180308,22.646,3,-1.183,1.0145131078937413,1.0132097485815101,443
2018-03-09,22.517,23.619,24.075,22.417,267214,20180309,22.378,4,5.546,1.0730119162670373,1.099181782103975,444
2018-03-12,23.827,23.549,24.294,23.341,206760,20180312,23.619,0,-0.296,1.149647196606397,1.2080908778234443,445
2018-03-13,23.569,23.49,23.927,23.38,139019,20180313,23.549,1,-0.251,1.0948610878239973,1.1199454274469849,446
2018-03-14,23.321,22.795,23.529,22.547,121033,20180314,23.49,2,-2.959,1.086419170749089,1.1042193704540544,447
2018-03-15,22.686,22.944,23.073,22.447,120111,20180315,22.795,3,0.654,1.0824719734082628,1.0960567877268474,448
2018-03-16,22.834,22.239,23.043,22.04,104053,20180316,22.944,4,-3.073,1.0752472485529663,1.0836492160299345,449
2018-03-19,22.586,22.983,23.311,22.477,183324,20180319,22.239,0,3.345,1.0533156805026966,1.0503626538926099,450
2018-03-20,22.686,23.182,23.281,22.586,118309,20180320,22.983,1,0.866,1.052286982275178,1.049247633373594,451
2018-03-21,23.172,22.03,23.579,22.03,177026,20180321,23.182,2,-4.969,1.0974427111592526,1.1158812822571147,452
2018-03-22,22.04,22.278,22.626,22.04,135978,20180322,22.03,3,1.126,1.1014933737811394,1.1193637779561671,453
2018-03-23,21.445,20.829,21.891,20.501,176499,20180323,22.278,4,-6.504,1.140357612528309,1.1739819408953454,454
2018-03-26,20.74,21.832,21.991,20.66,138369,20180326,20.829,0,4.815,1.1837796477530085,1.2331843487759662,455
2018-03-27,22.278,23.271,23.51,22.229,234832,20180327,21.832,1,6.591,1.3198905888663712,1.4262264356058372,456
2018-03-28,22.983,23.41,23.768,22.864,232196,20180328,23.271,2,0.597,1.3759005353330644,1.494196244191725,457
2018-03-29,23.39,23.51,23.927,23.083,209664,20180329,23.41,3,0.427,1.3275459412118769,1.4075034116328284,458
2018-03-30,22.934,24.254,24.373,22.646,442492,20180330,23.51,4,3.165,1.3638599465562518,1.4501029567484516,459
2018-04-02,24.423,24.165,25.366,24.026,402615,20180402,24.254,0,-0.367,1.4085999514147736,1.5042225625153236,460
2018-04-03,23.758,23.629,23.966,22.864,263412,20180403,24.165,1,-2.218,1.406909046740704,1.4889928875132814,461
2018-04-04,23.698,22.964,23.797,22.894,153025,20180404,23.629,2,-2.814,1.3945536788551858,1.4599271691781777,462
2018-04-09,23.033,23.46,24.115,22.914,199742,20180409,22.964,0,2.16,1.3769578898683503,1.425403546621087,463
2018-04-10,23.529,23.033,23.529,22.487,160515,20180410,23.46,1,-1.82,1.3465071726075912,1.3742830737382756,464
2018-04-11,23.112,22.755,23.48,22.735,128575,20180411,23.033,2,-1.207,1.2918247023705376,1.2903786639065058,465
2018-04-12,22.785,22.735,23.132,22.547,109878,20180412,22.755,3,-0.088,1.2275679112459432,1.1963281753856385,466
2018-04-13,23.013,23.013,23.232,22.596,139494,20180413,22.735,4,1.223,1.1737890102235846,1.1216177520008865,467
2018-04-16,23.023,23.827,23.847,22.864,248247,20180416,23.013,0,3.537,1.1681718274759856,1.1203353850674342,468
2018-04-17,23.827,22.189,23.976,21.445,301053,20180417,23.827,1,-6.875,1.2920652977054414,1.3084240003917762,469
2018-04-18,21.852,22.308,22.686,21.147,251871,20180418,22.189,2,0.536,1.4182411797322203,1.4913008003395405,470
2018-04-19,22.139,21.742,22.239,21.445,172947,20180419,22.308,3,-2.537,1.3614919815747457,1.3983273602942685,471
2018-04-20,21.355,20.323,21.603,20.055,221304,20180420,21.742,4,-6.527,1.4425381650679507,1.5122837122550326,472
2018-04-23,20.551,20.73,20.819,20.204,121603,20180423,20.323,0,2.003,1.4512165136981374,1.5157125506210287,473
2018-04-24,20.591,20.988,21.266,20.352,105378,20180424,20.73,1,1.245,1.405015012452852,1.4393508772048913,474
2018-04-25,20.938,21.613,21.812,20.849,157082,20180425,20.988,2,2.978,1.375650011320774,1.3917040935775715,475
2018-04-26,21.941,21.474,22.1,21.425,111379,20180426,21.613,3,-0.643,1.3516818284734309,1.3544102144338956,476
2018-04-27,21.663,21.633,21.931,21.435,85459,20180427,21.474,4,0.74,1.2738925713394826,1.2399555191760432,477
2018-05-02,21.633,21.564,22.06,21.435,84741,20180502,21.633,2,-0.319,1.2149023375813477,1.1579614499525708,478
2018-05-03,21.693,21.713,21.931,20.73,125249,20180503,21.564,3,0.691,1.2136384887103162,1.163699923292228,479
2018-05-04,21.534,21.713,22.169,21.425,108382,20180504,21.713,4,0.0,1.170944080645742,1.107739933519931,480
2018-05-07,21.752,22.159,22.368,21.703,107403,20180507,21.713,0,2.054,1.1249491642234017,1.04870794238394,481
2018-05-08,22.149,22.229,22.298,21.941,88241,20180508,22.159,1,0.316,1.0758628765667282,0.9868802167327472,482
2018-05-09,22.219,22.04,22.278,21.941,53047,20180509,22.229,2,-0.85,1.0086935241515709,0.9002295211683808,483
2018-05-10,22.1,22.487,22.596,22.1,119121,20180510,22.04,3,2.028,0.9620850219559735,0.8463322516792632,484
2018-05-11,22.626,22.437,22.815,22.308,75561,20180511,22.487,4,-0.222,0.945077292687248,0.8368212847886941,485
2018-05-14,22.656,21.812,22.884,21.683,124259,20180514,22.437,0,-2.786,0.9683429933520438,0.8853784468168683,486
2018-05-15,21.871,21.812,22.02,21.286,98799,20180515,21.812,1,0.0,0.9849481757745856,0.9207946539079529,487
2018-05-16,21.723,23.212,23.778,21.643,247896,20180516,21.812,2,6.418,1.0894983416132595,1.0826887000535588,488
2018-05-17,23.172,23.162,23.43,22.894,132302,20180517,23.212,3,-0.215,1.137543946921145,1.1540635400464174,489
2018-05-18,23.212,23.222,23.351,22.686,101872,20180518,23.162,4,0.259,1.0945854062919498,1.0888550680402282,490
2018-05-21,23.331,23.718,24.205,23.281,198692,20180521,23.222,0,2.136,1.0898958239017718,1.0827410589681967,491
2018-05-22,23.609,24.026,24.324,23.43,124507,20180522,23.718,1,1.299,1.0909962035470642,1.0853089177724358,492
2018-05-23,23.817,23.162,23.847,23.093,137372,20180523,24.026,2,-3.596,1.0603601850427857,1.0411343954027779,493
2018-05-24,23.341,24.353,24.651,23.331,311731,20180524,23.162,3,5.142,1.0839638045843507,1.0783164760157409,494
2018-05-25,24.175,22.894,24.244,22.795,218079,20180525,24.353,4,-5.991,1.1171489132585004,1.1277409458803085,495
2018-05-28,23.053,23.112,23.708,22.864,143581,20180528,22.894,0,0.952,1.1509535575077283,1.175908819762935,496
2018-05-29,23.033,22.616,23.41,22.507,135737,20180529,23.112,1,-2.146,1.1284123250070257,1.139520977127877,497
2018-05-30,21.891,21.306,22.1,20.948,220495,20180530,22.616,2,-5.792,1.2225566590972963,1.2761181801774935,498
2018-05-31,21.504,21.385,21.723,20.958,142719,20180531,21.306,3,0.371,1.2621424173611795,1.3270357561538293,499
2018-06-01,21.306,20.819,21.514,20.561,115050,20180601,21.385,4,-2.647,1.2340385612374358,1.2771643219999853,500
2018-06-04,20.998,20.849,21.077,20.581,71584,20180604,20.819,0,0.144,1.1949441465794877,1.2140757457333213,501
2018-06-05,20.948,21.464,21.544,20.799,104422,20180605,20.849,1,2.95,1.1540401332540797,1.1515323129688788,502
2018-06-06,21.435,21.028,21.494,20.779,127192,20180606,21.464,2,-2.031,1.1141273938673453,1.0933280045730283,503
2018-06-07,21.196,20.799,21.405,20.75,102035,20180607,21.028,3,-1.089,1.0777521762430413,1.0427509372966248,504
2018-06-08,20.938,20.859,21.335,20.511,99891,20180608,20.799,4,0.288,1.0546837965845832,1.013584145657075,505
2018-06-11,20.65,20.452,20.74,20.253,78544,20180611,20.859,0,-1.951,1.0084398150768938,0.9512395929027984,506
2018-06-12,20.551,20.581,20.7,20.233,99398,20180612,20.452,1,0.631,0.9736725591608131,0.9078743138490926,507
2018-06-13,20.581,20.392,20.918,20.303,73931,20180613,20.581,2,-0.918,0.9410659628734662,0.86882440533588,508
2018-06-14,20.303,20.333,20.65,20.213,76377,20180614,20.392,3,-0.289,0.8952417844304236,0.8112478179577624,509
2018-06-15,20.432,19.638,20.432,19.3,130747,20180615,20.333,4,-3.418,0.9167652585731122,0.8540147755633938,510
2018-06-19,19.191,18.883,19.509,18.496,142611,20180619,19.638,1,-3.845,1.000422962339193,0.9850794721549413,511
2018-06-20,18.804,19.26,19.419,18.794,95400,20180620,18.883,2,1.997,0.98620269303563,0.966268875867616,512
2018-06-21,19.26,18.943,19.399,18.754,87394,20180621,19.26,3,-1.646,0.9551842663960273,0.9234330257519338,513
2018-06-22,18.764,19.38,19.479,18.704,66851,20180622,18.943,4,2.307,0.9388038785418429,0.9036419556516757,514
2018-06-25,19.578,19.26,19.618,19.121,59162,20180625,19.38,0,-0.619,0.914821707765311,0.8731563615647848,515
2018-06-26,18.903,19.608,20.055,18.873,106834,20180626,19.26,1,1.807,0.9391106434230099,0.9143355133561467,516
2018-06-27,19.618,19.36,19.846,19.221,79791,20180627,19.608,2,-1.265,0.9105551303845544,0.8757574449086606,517
2018-06-28,19.37,19.37,19.935,19.35,77162,20180628,19.36,3,0.052,0.8809592094405037,0.8369897855875055,518
2018-06-29,19.419,20.323,20.412,19.33,121788,20180629,19.37,4,4.92,0.8992356449459126,0.8696578141758382,519
2018-07-02,20.313,20.065,20.452,19.856,98559,20180702,20.323,0,-1.269,0.9158505863144657,0.8979701056190594,520
2018-07-03,20.233,20.64,20.819,19.916,89162,20180703,20.065,1,2.866,0.9146823511949687,0.8986407582031847,521
2018-07-04,20.501,20.035,20.69,19.935,79971,20180704,20.64,2,-2.931,0.9001657738136081,0.879488657109427,522
2018-07-05,19.965,19.806,20.352,19.737,48531,20180705,20.035,3,-1.143,0.9004234307396443,0.8826235028281709,523
2018-07-06,19.826,20.074,20.65,19.806,101323,20180706,19.806,4,1.353,0.895294027945131,0.8774737024510811,524
2018-07-09,20.303,20.72,20.789,20.273,90531,20180709,20.074,0,3.218,0.9032672981319374,0.8915438754576037,525
2018-07-10,20.7,20.68,20.819,20.352,67717,20180710,20.72,1,-0.193,0.8888793619381247,0.8720046920632561,526
2018-07-11,20.28,19.51,20.3,19.26,117072,20180711,20.68,2,-5.658,0.9407994199437495,0.9504040664548216,527
2018-07-12,19.71,20.89,21.15,19.71,169457,20180712,19.51,3,7.073,0.986181290857954,1.015683524260845,528
2018-07-13,20.8,20.71,21.0,20.55,80996,20180713,20.89,4,-0.862,1.0319829916890488,1.078925721026065,529
2018-07-16,20.71,21.0,21.31,20.65,136673,20180716,20.71,0,1.4,0.9981663560809534,1.0230689582225898,530
2018-07-17,21.0,20.97,21.17,20.54,90211,20180717,21.0,1,-0.143,0.9646966873463214,0.9706597637929115,531
2018-07-18,20.99,20.7,21.16,20.65,77695,20180718,20.97,2,-1.288,0.9233606248602922,0.9092384619538568,532
2018-07-19,20.65,20.49,20.89,20.29,79995,20180719,20.7,3,-1.014,0.9012369316911747,0.8786733336933426,533
2018-07-20,20.49,20.91,21.0,20.25,89052,20180720,20.49,4,2.05,0.8874881197192497,0.8615168892008969,534
2018-07-23,20.79,21.66,21.88,20.73,188828,20180723,20.91,0,3.587,0.9331710179265902,0.9319813039741098,535
2018-07-24,21.8,21.7,21.94,21.46,112058,20180724,21.66,1,0.185,0.9419736526605363,0.9450504634442283,536
2018-07-25,21.68,21.76,22.06,21.57,95118,20180725,21.7,2,0.276,0.9008851387823056,0.884377068318331,537
2018-07-26,21.67,21.43,21.78,21.23,92035,20180726,21.76,3,-1.517,0.868986489802096,0.8397934592092202,538
2018-07-27,21.38,21.0,21.42,20.95,74916,20180727,21.43,4,-2.007,0.8636240816382694,0.8358209979813245,539
2018-07-30,20.98,19.82,21.16,19.4,169205,20180730,21.0,0,-5.619,0.9696582560347906,0.995044864917148,540
2018-07-31,19.78,19.48,19.9,19.29,111416,20180731,19.82,1,-1.715,1.036962050940719,1.0903722162615284,541
2018-08-01,19.64,19.28,19.9,19.28,82998,20180801,19.48,2,-1.027,0.9990564099461078,1.027655920759991,542
2018-08-02,19.24,19.4,19.77,19.0,114192,20180802,19.28,3,0.622,0.978233099951007,0.993301797991992,543
2018-08-03,19.4,18.68,19.45,18.54,90380,20180803,19.4,4,-3.711,0.9720300908645519,0.9821948915930598,544
2018-08-06,18.56,18.2,18.75,17.88,70906,20180806,18.68,0,-2.57,1.021845537149593,1.0539022393806523,545
2018-08-07,18.32,18.76,18.8,18.22,67866,20180807,18.2,1,3.077,0.9816777610450846,0.9907152741298989,546
2018-08-08,18.7,18.45,18.94,18.42,70635,20180808,18.76,2,-1.652,0.9597070554955314,0.9572865709125788,547
